[gd_scene load_steps=9 format=3 uid="uid://b3g2cd3vr815u"]

[ext_resource type="Script" uid="uid://ct1gbjwefmypu" path="res://Scripts/Enemies/Enemy.cs" id="1_dkaj2"]
[ext_resource type="PackedScene" uid="uid://bpxkhvlfsru76" path="res://addons/kaykit_skeleton_pack/enemy_skeleton_minion.tscn" id="2_3v0ni"]
[ext_resource type="PackedScene" uid="uid://dbch8185xjxrs" path="res://Prefabs/damage_particles.tscn" id="3_gdxf1"]

[sub_resource type="SphereShape3D" id="SphereShape3D_k4uh5"]
radius = 1.0

[sub_resource type="AnimationNodeAnimation" id="AnimationNodeAnimation_ptn36"]
animation = &"KayKit Animated Character|Idle"

[sub_resource type="AnimationNodeStateMachineTransition" id="AnimationNodeStateMachineTransition_gor3g"]
advance_mode = 2

[sub_resource type="AnimationNodeStateMachineTransition" id="AnimationNodeStateMachineTransition_xywv6"]
switch_mode = 2
advance_mode = 2

[sub_resource type="AnimationNodeStateMachine" id="AnimationNodeStateMachine_37bnq"]
"states/KayKit Animated Character|Idle/node" = SubResource("AnimationNodeAnimation_ptn36")
"states/KayKit Animated Character|Idle/position" = Vector2(482.571, 100)
states/Start/position = Vector2(162, 100)
transitions = ["Start", "KayKit Animated Character|Idle", SubResource("AnimationNodeStateMachineTransition_gor3g"), "KayKit Animated Character|Idle", "End", SubResource("AnimationNodeStateMachineTransition_xywv6")]

[node name="EnemyMinion" type="RigidBody3D"]
collision_layer = 2
collision_mask = 15
axis_lock_linear_y = true
axis_lock_angular_x = true
axis_lock_angular_z = true
linear_damp_mode = 1
script = ExtResource("1_dkaj2")
Lifepoints = 20

[node name="EnemySkeletonMinion" parent="." instance=ExtResource("2_3v0ni")]

[node name="Skeleton3D" parent="EnemySkeletonMinion/RootNode/KayKit Animated Character" index="0"]
bones/0/rotation = Quaternion(-8.14603e-08, -2.16568e-31, 2.65857e-24, 1)
bones/1/rotation = Quaternion(0.0457395, 1.16415e-10, 4.71118e-10, 0.998953)
bones/2/rotation = Quaternion(0.685649, 0.172874, -0.685649, 0.172874)
bones/3/rotation = Quaternion(-0.606617, 0.606617, -0.36334, -0.36334)
bones/4/position = Vector3(-0.0014, 0.00691598, -1.03253e-11)
bones/4/rotation = Quaternion(0.704731, -0.286691, -0.646735, -0.0538122)
bones/5/rotation = Quaternion(0.300506, -0.376591, 0.679877, 0.55285)

[node name="Body" parent="EnemySkeletonMinion/RootNode/KayKit Animated Character/Skeleton3D" index="1"]
transform = Transform3D(1, -5.31715e-24, -8.66274e-31, 5.31715e-24, 1, 1.62921e-07, -4.70198e-38, -1.62921e-07, 1, 0, 0, 0)

[node name="Head" parent="EnemySkeletonMinion/RootNode/KayKit Animated Character/Skeleton3D" index="2"]
transform = Transform3D(1, -9.30601e-10, 2.75684e-10, 9.519e-10, 0.995816, -0.091383, -1.8949e-10, 0.091383, 0.995816, -4.16185e-11, 0.00711598, -1.15125e-09)

[node name="ArmLeft" parent="EnemySkeletonMinion/RootNode/KayKit Animated Character/Skeleton3D" index="3"]
transform = Transform3D(5.96047e-08, 0.474123, -0.880459, -1.77822e-07, -0.880459, -0.474123, -1, 2.47753e-07, -1.61174e-07, 0.0014, 0.00691598, -1.17522e-09)

[node name="ArmRight" parent="EnemySkeletonMinion/RootNode/KayKit Animated Character/Skeleton3D" index="4"]
transform = Transform3D(-0.000915886, -0.473684, -0.880694, -0.334476, -0.829825, 0.446672, -0.942405, 0.29498, -0.157676, -0.0014, 0.00691598, -1.13708e-09)

[node name="HandSlotLeft" parent="EnemySkeletonMinion/RootNode/KayKit Animated Character/Skeleton3D" index="5"]
transform = Transform3D(-0.999997, 1.52333e-07, -0.0024823, -0.00248235, 2.24252e-07, 0.999997, -2.06011e-08, 1, -1.72166e-07, 0.00401205, 0.00206533, 3.66661e-10)

[node name="HandSlotRight" parent="EnemySkeletonMinion/RootNode/KayKit Animated Character/Skeleton3D" index="6"]
transform = Transform3D(-0.975267, 0.209016, -0.0718741, 0.00212264, 0.334022, 0.942563, 0.221019, 0.919099, -0.326204, -0.00400963, 0.00234429, 0.00162511)

[node name="CollisionShape3D" type="CollisionShape3D" parent="."]
transform = Transform3D(0.765, 0, 0, 0, 0.765, 0, 0, 0, 0.765, 0, 0.754766, 0)
shape = SubResource("SphereShape3D_k4uh5")

[node name="DamageParticles" parent="." instance=ExtResource("3_gdxf1")]
transform = Transform3D(1, 0, 0, 0, 1, 0, 0, 0, 1, 0, 0.57005, 0)

[node name="AttackCooldown" type="Timer" parent="."]
one_shot = true
autostart = true

[node name="AnimationTree" type="AnimationTree" parent="."]
tree_root = SubResource("AnimationNodeStateMachine_37bnq")
anim_player = NodePath("../EnemySkeletonMinion/AnimationPlayer")
active = true
root_motion_track = NodePath("RootNode/KayKit Animated Character/Skeleton3D:Body")

[editable path="EnemySkeletonMinion"]
