[gd_scene load_steps=12 format=3 uid="uid://brnj7g14cjd0j"]

[ext_resource type="Script" uid="uid://dc3lgw5tx1rvo" path="res://Scripts/Players/Player.cs" id="1_6pgcl"]
[ext_resource type="PackedScene" uid="uid://cjgoeugpyg7n1" path="res://Prefabs/Powerups/shooting.tscn" id="3_h4lb3"]
[ext_resource type="PackedScene" uid="uid://cr6nu73ixtmqt" path="res://Prefabs/Powerups/spirit_water.tscn" id="4_cm2ek"]
[ext_resource type="PackedScene" uid="uid://cxsvig1irj1y5" path="res://Prefabs/Powerups/lifesteal.tscn" id="5_c6obf"]
[ext_resource type="PackedScene" uid="uid://cry7wgh8tlrqd" path="res://Prefabs/Powerups/floating_sphere.tscn" id="6_eygic"]
[ext_resource type="PackedScene" uid="uid://bjuqvgbfyhybk" path="res://addons/kaykit_characters/Mage.glb" id="8_fob2n"]

[sub_resource type="AnimationNodeAnimation" id="AnimationNodeAnimation_fam3i"]
animation = &"Walking_A"

[sub_resource type="AnimationNodeAnimation" id="AnimationNodeAnimation_4oeam"]
animation = &"Idle"

[sub_resource type="AnimationNodeBlend2" id="AnimationNodeBlend2_fkkp7"]

[sub_resource type="AnimationNodeBlendTree" id="AnimationNodeBlendTree_nf623"]
nodes/Animation/node = SubResource("AnimationNodeAnimation_4oeam")
nodes/Animation/position = Vector2(-280, 60)
"nodes/Animation 2/node" = SubResource("AnimationNodeAnimation_fam3i")
"nodes/Animation 2/position" = Vector2(-280, 180)
nodes/walking/node = SubResource("AnimationNodeBlend2_fkkp7")
nodes/walking/position = Vector2(0, 100)
node_connections = [&"output", 0, &"walking", &"walking", 0, &"Animation", &"walking", 1, &"Animation 2"]

[sub_resource type="CapsuleShape3D" id="CapsuleShape3D_adgmg"]

[node name="Player" type="CharacterBody3D"]
collision_mask = 9
script = ExtResource("1_6pgcl")
Speed = 9.0

[node name="Camera3D" type="Camera3D" parent="."]
transform = Transform3D(1, -7.57102e-08, 1.31134e-07, -7.57103e-08, 0.5, 0.866025, -1.31134e-07, -0.866025, 0.5, 0, 16.984, 8.711)
size = 10.0
far = 100.0

[node name="Visual" parent="." instance=ExtResource("8_fob2n")]

[node name="Skeleton3D" parent="Visual/Rig" index="0"]
bones/1/position = Vector3(0, 0.38599, 0)
bones/1/rotation = Quaternion(-1.11123e-10, 0.0431578, 2.57241e-09, 0.999068)
bones/4/rotation = Quaternion(-0.555393, -0.0631443, -0.65468, 0.508868)
bones/5/rotation = Quaternion(1.8141e-08, -6.29353e-08, -0.47707, 0.878865)
bones/7/rotation = Quaternion(-0.317727, -0.326228, 0.136158, 0.879821)
bones/8/rotation = Quaternion(0.00142122, 0.0014212, -0.70187, 0.712302)
bones/11/rotation = Quaternion(-0.614556, 0.0830733, 0.627554, 0.470739)
bones/12/rotation = Quaternion(5.71353e-09, 4.89224e-08, 0.501104, 0.865387)
bones/14/rotation = Quaternion(-0.316098, 0.30045, -0.217769, 0.873149)
bones/15/rotation = Quaternion(0.00295883, 0.00348507, 0.704026, 0.710159)
bones/18/rotation = Quaternion(-5.80608e-11, -0.0313417, -1.88012e-09, 0.999509)
bones/21/rotation = Quaternion(0.992967, 0.0831936, 0.0754089, 0.0375479)
bones/22/rotation = Quaternion(0.264891, 6.48946e-08, -1.84884e-07, 0.964278)
bones/23/rotation = Quaternion(-0.553577, -0.207213, 0.0544021, 0.80477)
bones/24/rotation = Quaternion(-3.04791e-08, 0.920355, -0.391084, 6.94849e-08)
bones/25/rotation = Quaternion(0.995868, -0.0305952, 0.0309913, 0.0796878)
bones/26/rotation = Quaternion(0.327131, -6.26065e-08, 2.27519e-07, 0.944979)
bones/27/rotation = Quaternion(-0.587309, 0.114093, -0.0131148, 0.801174)
bones/28/rotation = Quaternion(3.04791e-08, 0.920355, -0.391084, -6.94849e-08)
bones/29/rotation = Quaternion(0.707107, -2.29302e-07, -4.60552e-08, 0.707107)
bones/30/position = Vector3(0.202182, 0.0259903, 0.205181)
bones/30/rotation = Quaternion(-0.707107, -7.05285e-08, -7.05285e-08, 0.707107)
bones/31/rotation = Quaternion(9.65792e-09, 1.77955e-09, 0.985719, -0.168398)
bones/32/rotation = Quaternion(-1.04035e-07, 0.391084, 0.920355, -2.9526e-08)
bones/34/rotation = Quaternion(1, -3.10863e-15, 1.94707e-07, -6.91739e-22)
bones/36/rotation = Quaternion(0.707107, -3.82385e-08, 1.45009e-07, 0.707107)
bones/37/rotation = Quaternion(-0.707107, -7.05285e-08, -7.05285e-08, 0.707107)
bones/38/rotation = Quaternion(-5.83589e-09, 6.43837e-10, 0.994809, 0.101756)
bones/39/rotation = Quaternion(-1.04035e-07, 0.391084, 0.920355, -2.95261e-08)
bones/44/position = Vector3(0.520841, 0.775235, -0.0576374)
bones/44/rotation = Quaternion(0.794627, -1.32247e-07, 0.607098, -5.02923e-08)
bones/46/position = Vector3(-0.510844, 0.775235, 0.0597369)
bones/46/rotation = Quaternion(-0.758253, -1.89432e-07, 0.651961, -1.86264e-08)

[node name="Spellbook" parent="Visual/Rig/Skeleton3D" index="0"]
transform = Transform3D(-2.42913e-06, 0.964832, 0.262865, -0.999882, 0.00401738, -0.0147542, -0.0152916, -0.262834, 0.964719, 0.577392, 0.618997, 0.236547)
bone_idx = 9

[node name="Spellbook_open" parent="Visual/Rig/Skeleton3D" index="1"]
transform = Transform3D(-2.42913e-06, 0.964832, 0.262865, -0.999882, 0.00401738, -0.0147542, -0.0152916, -0.262834, 0.964719, 0.545756, 0.620773, 0.120442)
bone_idx = 10

[node name="1H_Wand" parent="Visual/Rig/Skeleton3D" index="2"]
transform = Transform3D(-0.00207618, -0.15889, 0.987293, 0.999961, -0.00867679, 0.000706134, 0.00845462, 0.987257, 0.158902, -0.491055, 0.627025, 0.105322)
bone_idx = 16

[node name="2H_Staff" parent="Visual/Rig/Skeleton3D" index="3"]
transform = Transform3D(-0.00207618, -0.15889, 0.987293, 0.999961, -0.00867679, 0.000706134, 0.00845462, 0.987257, 0.158902, -0.491055, 0.627025, 0.105322)
bone_idx = 17

[node name="Mage_Hat" parent="Visual/Rig/Skeleton3D" index="4"]
transform = Transform3D(0.99972, -0.00612025, 0.0228411, 1.39343e-09, 0.965926, 0.258819, -0.0236468, -0.258747, 0.965656, -7.48423e-09, 1.76443, -1.02479e-07)
bone_idx = 19

[node name="Mage_Cape" parent="Visual/Rig/Skeleton3D" index="5"]
transform = Transform3D(0.996275, -5.14962e-09, 0.0862354, 5.13044e-09, 1, 4.44078e-10, -0.0862354, 1.47756e-15, 0.996275, -1.2997e-08, 1.1962, -1.01951e-07)
bone_idx = 20

[node name="AnimationTree" type="AnimationTree" parent="."]
tree_root = SubResource("AnimationNodeBlendTree_nf623")
anim_player = NodePath("../Visual/AnimationPlayer")
active = true
root_motion_track = NodePath("Rig/Skeleton3D:root")
parameters/walking/blend_amount = 0.0

[node name="CollisionShape3D" type="CollisionShape3D" parent="."]
transform = Transform3D(1, 0, 0, 0, 1, 0, 0, 0, 1, 0, 1, 0)
shape = SubResource("CapsuleShape3D_adgmg")

[node name="AttackCooldown" type="Timer" parent="."]
autostart = true

[node name="Shooting" parent="." instance=ExtResource("3_h4lb3")]
BulletSpeed = 5.0

[node name="SpiritWater" parent="." instance=ExtResource("4_cm2ek")]

[node name="Lifesteal" parent="." instance=ExtResource("5_c6obf")]

[node name="FloatingSphere" parent="." instance=ExtResource("6_eygic")]
SphereDistance = 4.0

[connection signal="timeout" from="AttackCooldown" to="." method="OnAttackTimeOut"]

[editable path="Visual"]
